Y
161.926977
162.130816
161.493900
161.867497
161.637478
161.743810
161.308191
161.952759
161.209335
161.294318
162.451106
160.991486
161.673239
161.203888
161.790427
161.143477
161.884639
161.239948
161.091372
161.626576
161.713454
161.460741
163.108282
162.712729
162.356895
162.619559
162.178817
163.980110
161.254041
161.629174
161.339038
162.023061
161.124094
162.104221
161.698984
161.557966
161.527346
162.749867
162.962683
162.440272
162.832871
162.511937
162.842645
162.513887
162.849525
162.494555
162.462859
162.249387
163.025439
162.993998
33.633542
64.631506
