Y
125.798812
133.453279
131.715704
131.798869
132.946046
131.962637
131.776746
132.191739
132.294027
131.989410
131.981556
132.396372
132.084160
132.189344
131.928444
131.891385
132.088877
132.090172
131.991514
132.040327
132.158768
132.043715
132.204599
132.619945
132.026809
132.999657
132.348931
132.156008
132.004910
132.024457
131.984528
130.457844
132.349002
134.947119
132.837837
134.696620
130.230999
134.270105
129.983584
130.185091
130.305681
130.914014
130.024061
130.231930
130.192413
132.589513
130.048127
130.571780
130.047657
130.593481
32.834990
32.399204
32.704642
65.826571
34.007539
32.754360
33.484647
34.091753
63.993921
32.365328
