Y
1419003
1229773
1210095
1153917
1390436
1271614
1340176
1292208
1289533
1282774
1713487
2211724
2308414
2251944
1857303
1595313
1949229
1834488
1923835
2013552
2197228
2102339
2124747
2243587
2201873
2199924
2323876
2167452
2308567
2190964
7264547
886360
873675
841168
1468618
1421188
1804218
1558684
1510861
9314674
1662486
2865963
2677498
1814307
119647
1813357
535129
835774
235278
684325
990927
878716
1300570
1928922
1927746
4243694
565309
453925
432414
447016
448680
460578
475843
447022
721521
450204
717501
1114567
1073986
1154355
714576
458026
435184
436771
434373
441460
861568
1096569
1231209
1464436
1156863
1149922
1073094
1350118
743683
722835
1326631
1079841
1112742
737355
2274322
1049808
1412952
1123416
1700746
1066590
4619468
2728047
2759610
2744465
2558734
2684209
2596265
2901206
2300889
2553211
3980613
3546921
3219102
3540029
3248574
3776542
3565275
3328727
3689430
3487134
3821874
3754530
3853867
3467166
3566458
3574357
3611155
3332437
3339060
3939745
