Y
148.345919
149.687213
150.043641
149.498112
149.561101
149.688555
150.223661
152.358931
150.689008
150.048626
150.302144
149.636790
150.392348
149.134808
148.380207
152.166414
149.280251
149.375884
152.524331
148.697228
147.908285
152.075157
149.494894
148.983271
148.976179
150.169438
148.750852
148.958923
149.444980
149.035364
149.097619
150.241679
148.802981
149.174340
149.886629
149.788157
149.724967
150.389193
149.669593
149.311472
149.508321
149.414683
149.134307
149.935373
149.633309
149.150793
150.286934
152.334937
152.498993
152.177174
