Y
60.745705
57.768408
58.105415
57.644666
57.657400
57.718358
57.631703
57.879713
58.497836
57.573953
57.823366
85.814295
89.307751
87.809255
87.619742
87.362552
88.240020
88.092976
88.017830
88.423409
88.105674
87.377178
87.310372
87.243733
88.137374
88.089258
88.041473
88.128073
88.047973
87.844716
87.999589
87.948021
89.097178
88.229023
88.170558
88.221794
87.694547
86.813771
87.758727
87.821949
87.929837
88.011752
87.813483
87.761171
87.955915
87.921135
87.497202
87.476596
87.700200
87.864894
87.816587
87.433644
86.878705
85.381163
87.509878
87.837495
87.610858
87.865888
87.153160
87.581495
87.766985
