Y
65046121
67611338
63447740
67074047
68799798
65577624
68460680
64058604
68859137
64656743
70924559
69665925
68994839
70411030
72715907
69240166
70602322
70319374
68656938
76883233
72151136
71050680
74595459
69859710
70895587
74801124
72821596
74484322
71881222
71528443
37241702
7107767
7365524
7157801
9505015
7962316
9676588
8167791
8620816
29815395
8293390
32833039
32161323
310186003
25232604
225865129
20736500
22163466
13292228
12233444
12251833
12469387
12430636
26683543
25937491
207943767
11663864
11212554
11260279
11283887
11371986
11580810
12285730
11305095
17733439
11719675
15540489
26149365
26267537
26489414
14368786
10734697
10686681
10764685
10896349
10409826
94599687
75506336
78385964
63429092
76763599
76647867
80462937
78230142
77182473
77040253
76340835
80485453
75678711
78216068
32094455
78864560
76594622
77181595
79104191
78440696
143492282
47719122
46355802
49377192
45297614
47291092
46214890
47189438
47092061
47729039
130503646
149073621
148406897
155296219
171521459
146021425
132196810
154074033
155193420
154610160
175354143
182213218
173557956
184305062
187827367
181537300
188655001
189361854
184252959
184942223
