Y
54.731292
58.051530
57.719716
57.620305
57.583791
58.256590
57.777000
57.778483
57.738138
57.980846
57.625681
85.316977
85.534121
85.485629
85.509955
85.344403
85.404319
85.498328
85.435149
85.459069
85.541823
85.810519
85.529477
85.255161
85.561677
85.273832
85.368513
85.507741
85.284539
85.479828
85.523870
85.343289
85.295558
85.392301
85.316730
85.431644
85.130980
85.236900
85.172707
85.416163
85.405002
85.141480
85.482606
85.050727
85.339065
85.294626
85.293130
85.422286
85.433801
85.521471
85.485154
85.299403
85.185049
85.487861
85.322422
85.521369
85.143841
85.296503
85.332638
85.301807
85.190559
