Y
54.176020
53.918475
53.895363
54.160400
56.113902
54.166361
54.123864
54.032099
54.217338
54.065875
54.074684
54.167471
54.107662
54.062243
54.052732
55.010621
55.044432
54.137577
54.208054
54.291407
54.352782
54.238408
54.157179
54.123154
54.258583
54.261227
54.140159
54.423252
54.233451
54.217127
54.206734
54.358112
54.184606
54.179570
54.078475
54.176512
54.161835
54.211608
54.206722
54.259740
54.209311
54.160078
54.183667
54.249676
54.308165
54.250115
54.208425
54.218713
54.182113
54.204935
