Y
58.606130
58.625820
58.779964
58.669399
58.827663
58.720102
58.741031
58.964465
58.745107
58.789500
58.882503
58.832904
58.651342
58.844467
58.926905
58.792341
58.908208
58.742944
59.036511
58.814387
59.027476
58.587779
58.686630
59.027676
58.326496
58.272216
59.332696
59.091517
58.590091
58.232694
58.303998
58.447398
58.970230
58.737725
58.240857
58.305618
58.153653
58.383585
58.204488
58.198851
58.323694
58.199623
58.280193
58.260215
58.325757
58.261348
58.374454
58.389447
58.342854
58.203681
38.582000
39.572803
