184145974
173053587
180770212
177910810
186156986
183297747
182811416
183598525
172660141
183599869
169001503
176092247
173059618
183490379
181731418
184145427
184162821
172756944
174016782
178075178
172562758
170160817
178999178
175327422
175115203
182703877
175175786
183935517
172832419
181351328
171924458
183307696
176063814
178985271
174755615
173043745
183776335
169373770
180751837
180700648
184560175
182805146
173265209
181103165
178162048
172641266
175408036
178622177
175092359
173246372
