Y
17539973
18241603
17431846
17477080
18085777
17200373
18107732
17514017
18346219
17741713
18754962
19210082
19995341
19525117
20737651
18619094
19039950
20086631
19090834
20387539
20151302
19742200
20355275
20101472
20326466
19934497
20584608
20292719
20349934
19384833
18441874
3556531
3457498
3589332
4345307
4081072
4657543
4114469
4351536
18885365
4112876
4837947
5023268
42708257
10192351
34117804
5182824
5492787
4278036
4127957
4126935
4267453
4162297
4484016
4535529
40355046
4975896
4779539
4775618
4811651
4813726
4840673
5056940
4810567
5950943
4900485
5911151
7617149
7491684
7708956
5291430
4452268
4442600
4448246
4506957
4426312
12636034
10119269
10557156
10031796
10485463
10988502
10689746
10605933
10385639
11178531
10174867
10849602
10765507
10708799
8656532
10179776
11381700
11102966
10096518
10686041
32249715
20310991
20009366
20814378
19651795
19970763
19802873
20168995
19738911
20089615
29840648
30997339
32016453
31395448
33006964
32962270
28874432
31182433
33457862
32576454
33832061
34634362
33389141
35729497
35241404
34991989
37284735
35852005
35552444
35610708
