Y
87375325
87349006
87719547
84823728
87506623
86533094
81601897
83511646
85846571
86848044
85220098
86417874
84487266
84376029
83449206
87524649
85794059
85481084
84951815
84141831
86072009
82960520
82775209
95037168
76180227
87240473
87771098
86049701
87603901
86042554
85382590
84917208
87235846
87964267
85447140
87513423
87684245
87588017
84244019
86329807
86745319
85075354
86595315
82285046
89206897
88601816
86302168
85782310
83907428
84743560
41287038
40558115
13733761
21369387
51271571
50120074
51733076
44025625
43695505
53411680
18153535
18366966
18573108
18750815
18289649
17767897
16327330
16609006
16231714
17557399
17872798
16590245
16469396
20170651
24084861
17916144
16809382
19597953
19427461
23318925
19211392
32846010
16005313
15889114
15612236
15683103
15519892
15308446
15816501
17047658
16237862
15899577
15923905
15636726
15931260
17484675
17226819
15544433
16505491
17338731
16306688
17732292
15934982
16015744
15703394
17456747
15827704
15497723
15526037
15534212
