Y
131.469806
130.563200
130.942981
131.240783
131.270246
130.774111
130.942902
131.946105
130.986750
131.071019
130.946602
131.127874
130.999751
130.970910
130.971004
131.193936
131.188418
131.251651
130.969052
134.897727
131.818932
132.004866
131.748535
131.634370
131.982656
131.777306
131.678395
131.535266
131.697684
132.351808
131.668380
134.846689
130.441846
130.724743
130.571379
130.418198
130.311997
130.925709
130.540342
130.560289
130.560757
130.679410
130.479267
130.718100
130.382988
130.645306
130.735122
130.319380
130.449065
130.291405
