Y
172680772
180451487
179625382
182911089
176048952
183225807
186725995
180729792
185870724
187047514
181337993
178929048
184024855
178256621
189363227
177237840
179371606
182278738
181886464
186662002
190015569
183845674
281521704
175366414
160335549
153580951
184558058
175932707
159918154
161570657
160737325
159585015
170215585
163530547
163983795
161954720
157473785
158227909
161062677
162337525
157365902
162761228
158395382
166341236
162325853
160598481
157223679
159726334
160630313
156077354
163676614
205086640
