Y
62.971377
62.140396
62.233936
62.269194
62.749032
62.213909
62.309514
62.849338
62.390945
62.131217
62.324147
62.095973
62.845252
62.318788
62.377941
62.234959
62.243378
62.326782
62.361345
62.252647
62.159958
62.081032
62.253226
62.467047
62.226914
62.220915
62.055102
62.262425
62.105005
62.258689
62.010841
62.235177
62.500840
62.065717
62.090760
63.490199
63.668515
62.947421
62.870520
63.031001
63.026617
62.912889
63.117333
62.880761
63.385563
62.841220
62.952143
63.022161
63.183417
62.923531
