Y
55.367472
55.168059
55.070078
55.102529
55.270151
55.055908
55.032317
55.281663
54.841586
55.179758
55.039498
55.112382
55.045565
55.140282
55.048165
55.135543
55.116087
55.014244
55.210621
55.169727
55.071621
55.025131
55.082612
55.007011
55.135604
55.010341
55.073001
54.897798
54.965147
55.080870
55.038132
55.061487
55.066209
55.110338
55.089024
54.962628
55.278655
55.066933
55.038242
55.007992
55.048224
55.159101
55.093650
55.096608
55.092195
55.064132
55.107905
54.946356
54.903944
55.106416
